0.000000000000000000e+00 1.000000000000000000e+00
3.125000000000000000e-02 9.442575230970207123e-01
9.375000000000000000e-02 8.361476981014085430e-01
1.562500000000000000e-01 7.288072426480198818e-01
2.187500000000000000e-01 6.286029670742523390e-01
2.812500000000000000e-01 5.328059681215390198e-01
3.437500000000000000e-01 4.467435404249576192e-01
4.062500000000000000e-01 3.675273017992667368e-01
4.687500000000000000e-01 2.990744564127055249e-01
5.312500000000000000e-01 2.384232040842869660e-01
5.937500000000000000e-01 1.880556060964871934e-01
6.562500000000000000e-01 1.451102174123353461e-01
7.187500000000000000e-01 1.108934122947285578e-01
7.812500000000000000e-01 8.282295085712612637e-02
8.437500000000000000e-01 6.144178612540856371e-02
9.062500000000000000e-01 4.454581090503465651e-02
9.687500000000000000e-01 3.234782228017261951e-02
1.000000000000000000e+00 2.626829138204226852e-02
